Date & Time 			 MQ2 		 MQ7 		  MQ135 	 Temperature 	 Humidity
2022-08-24,17:30:20	    1980  	    2864   	      2660   	   25.00   	     29.00
2022-08-24,17:30:34	    1980  	    2858   	      2668   	   25.00   	     29.00
2022-08-24,17:30:47	    1973  	    2842   	      2649   	   25.00   	     29.00
2022-08-24,17:30:52	    1978  	    2839   	      2655   	   25.00   	     29.00
2022-08-24,17:30:58	    1979  	    2859   	      2662   	   25.00   	     29.00
2022-08-24,17:31:06	    1980  	    2856   	      2660   	   25.00   	     29.00
2022-08-24,17:31:12	    1982  	    2863   	      2666   	   25.00   	     29.00
2022-08-24,17:31:22	    1976  	    2856   	      2660   	   25.00   	     29.00
2022-08-24,17:31:28	    1978  	    2859   	      2659   	   25.00   	     29.00
2022-08-24,17:31:33	    1976  	    2854   	      2663   	   25.00   	     29.00
2022-08-24,17:31:42	    1984  	    2855   	      2668   	   25.00   	     29.00
2022-08-24,17:31:47	    1960  	    2827   	      2649   	   25.00   	     29.00
2022-08-24,17:31:53	    1971  	    2842   	      2662   	   25.00   	     28.00
2022-08-24,17:32:01	    1978  	    2847   	      2659   	   25.00   	     28.00
2022-08-24,17:32:11	    1948  	    2844   	      2588   	   25.00   	     29.00
2022-08-24,17:32:21	    1976  	    2852   	      2575   	   25.00   	     28.00
2022-08-24,17:32:26	    1973  	    2851   	      2580   	   25.00   	     28.00
2022-08-24,17:32:32	    1981  	    2826   	      2583   	   25.00   	     28.00
2022-08-24,17:32:37	    1992  	    2838   	      2605   	   25.00   	     28.00
2022-08-24,17:32:43	    1983  	    2836   	      2603   	   25.00   	     28.00
2022-08-24,17:32:49	    1970  	    2817   	      2599   	   25.00   	     28.00
2022-08-24,17:32:54	    1974  	    2829   	      2615   	   25.00   	     28.00
2022-08-24,17:33:00	    1969  	    2837   	      2623   	   25.00   	     28.00
2022-08-24,17:33:08	    1962  	    2824   	      2615   	   25.00   	     28.00
2022-08-24,17:33:16	    1942  	    2818   	      2606   	   25.00   	     28.00
2022-08-24,17:33:21	    1953  	    2833   	      2628   	   25.00   	     28.00
2022-08-25,12:29:34	    2433  	    2945   	      2794   	   26.00   	     40.00
2022-08-25,12:29:42	    2447  	    2971   	      2804   	   26.00   	     40.00
2022-08-25,12:29:56	    2433  	    2960   	      2787   	   26.00   	     40.00
2022-08-25,12:30:01	    2424  	    2934   	      2778   	   26.00   	     40.00
2022-08-25,12:30:07	    2417  	    2943   	      2777   	   26.00   	     40.00
2022-08-25,12:30:12	    2423  	    2953   	      2784   	   26.00   	     40.00
2022-08-25,12:30:18	    2418  	    2951   	      2778   	   26.00   	     40.00
2022-08-25,13:01:55	    2353  	    2829   	      2697   	   25.00   	     32.00
2022-08-25,13:02:00	    2352  	    2816   	      2708   	   25.00   	     32.00
2022-08-25,13:14:05	    2348  	    2810   	      2689   	   25.00   	     31.00
2022-08-25,13:43:37	    2412  	    2877   	      2774   	   26.00   	     37.00
2022-08-25,13:44:00	    2415  	    2884   	      2779   	   26.00   	     37.00
2022-08-25,13:44:06	    2420  	    2880   	      2782   	   26.00   	     37.00
2022-08-25,13:44:11	    2409  	    2883   	      2775   	   26.00   	     37.00
2022-08-25,13:44:17	    2422  	    2887   	      2768   	   26.00   	     37.00
2022-08-25,13:44:25	    2423  	    2878   	      2771   	   26.00   	     37.00
2022-08-25,13:44:30	    2423  	    2896   	      2775   	   26.00   	     37.00
2022-08-25,13:44:36	    2435  	    2907   	      2794   	   26.00   	     37.00
2022-08-25,13:44:47	    2432  	    2887   	      2786   	   26.00   	     38.00
2022-08-25,13:44:53	    2441  	    2911   	      2790   	   26.00   	     37.00
2022-08-25,13:44:58	    2429  	    2911   	      2793   	   26.00   	     37.00
2022-08-25,13:45:55	    2412  	    2884   	      2762   	   26.00   	     37.00
2022-08-25,13:46:17	    2418  	    2899   	      2777   	   26.00   	     37.00
2022-08-25,13:46:54	    2432  	    2897   	      2774   	   26.00   	     37.00
2022-08-25,13:47:03	    2420  	    2895   	      2777   	   26.00   	     37.00
2022-08-25,13:47:22	    2419  	    2900   	      2765   	   26.00   	     37.00
2022-08-25,13:47:27	    2426  	    2898   	      2779   	   26.00   	     37.00
2022-08-25,13:47:33	    2433  	    2905   	      2784   	   26.00   	     37.00
2022-08-25,13:47:38	    2430  	    2910   	      2784   	   26.00   	     37.00
2022-08-25,13:47:46	    2425  	    2909   	      2790   	   26.00   	     37.00
2022-08-25,13:47:57	    2431  	    2910   	      2783   	   26.00   	     37.00
2022-08-25,13:48:03	    2418  	    2892   	      2779   	   26.00   	     37.00
2022-08-25,13:48:13	    2432  	    2907   	      2786   	   26.00   	     37.00
2022-08-25,13:48:19	    2429  	    2907   	      2784   	   26.00   	     37.00
2022-08-25,13:48:25	    2412  	    2898   	      2770   	   26.00   	     37.00
2022-08-25,13:48:30	    2404  	    2884   	      2760   	   26.00   	     37.00
2022-08-25,13:48:36	    2412  	    2899   	      2774   	   26.00   	     37.00
2022-08-25,13:48:44	    2413  	    2889   	      2766   	   26.00   	     37.00
2022-08-25,13:48:49	    2411  	    2890   	      2768   	   26.00   	     37.00
2022-08-25,13:48:55	    2425  	    2908   	      2780   	   26.00   	     37.00
2022-08-25,13:49:03	    2418  	    2899   	      2771   	   26.00   	     37.00
2022-08-25,13:49:09	    2417  	    2905   	      2774   	   26.00   	     37.00
2022-08-25,13:49:14	    2412  	    2890   	      2776   	   26.00   	     37.00
2022-08-25,13:49:20	    2425  	    2905   	      2784   	   26.00   	     37.00
2022-08-25,13:49:28	    2422  	    2897   	      2780   	   26.00   	     37.00
2022-08-25,13:49:33	    2414  	    2900   	      2773   	   26.00   	     36.00
2022-08-25,13:49:42	    2423  	    2908   	      2783   	   26.00   	     36.00
2022-08-25,13:49:47	    2411  	    2900   	      2775   	   26.00   	     36.00
2022-08-25,13:49:53	    2412  	    2899   	      2777   	   26.00   	     36.00
2022-08-25,13:49:58	    2414  	    2924   	      2782   	   26.00   	     36.00
2022-08-25,13:50:04	    2414  	    2923   	      2782   	   26.00   	     36.00
2022-08-25,13:50:12	    2415  	    2926   	      2781   	   26.00   	     36.00
2022-08-25,13:50:18	    2409  	    2961   	      2796   	   26.00   	     36.00
2022-08-25,13:50:23	    2412  	    2956   	      2796   	   26.00   	     36.00
2022-08-25,13:50:31	    2405  	    2940   	      2796   	   26.00   	     36.00
2022-08-25,13:50:37	    2408  	    3064   	      2746   	   26.00   	     36.00
2022-08-25,13:50:42	    2405  	    3061   	      2755   	   26.00   	     36.00
2022-08-25,13:50:48	    2410  	    3174   	      2759   	   26.00   	     36.00
2022-08-25,13:50:54	    2416  	    3028   	      2648   	   26.00   	     36.00
2022-08-25,13:51:02	    2351  	    3037   	      2682   	   26.00   	     36.00
2022-08-25,13:51:07	    2337  	    3030   	      2684   	   26.00   	     36.00
2022-08-25,13:51:13	    2334  	    3033   	      2685   	   26.00   	     36.00
2022-08-25,13:51:18	    2323  	    3019   	      2681   	   26.00   	     36.00
2022-08-25,13:51:24	    2320  	    3020   	      2677   	   26.00   	     35.00
2022-08-25,13:51:30	    2321  	    3019   	      2678   	   26.00   	     35.00
2022-08-25,13:51:35	    2312  	    3010   	      2671   	   26.00   	     35.00
2022-08-25,13:51:44	    2316  	    3016   	      2673   	   26.00   	     35.00
2022-08-25,13:51:49	    2300  	    3001   	      2666   	   26.00   	     35.00
2022-08-25,13:51:55	    2301  	    3007   	      2659   	   26.00   	     35.00
2022-08-25,13:52:00	    2292  	    2995   	      2649   	   26.00   	     35.00
2022-08-25,13:52:06	    2292  	    2989   	      2649   	   26.00   	     35.00
2022-08-25,13:52:11	    2292  	    3001   	      2654   	   26.00   	     35.00
2022-08-25,13:52:17	    2300  	    2999   	      2660   	   26.00   	     35.00
2022-08-25,13:52:25	    2303  	    3008   	      2655   	   26.00   	     35.00
2022-08-25,13:52:36	    2296  	    3008   	      2654   	   26.00   	     35.00
2022-08-25,13:52:41	    2294  	    2997   	      2652   	   26.00   	     35.00
2022-08-25,13:52:47	    2294  	    3001   	      2647   	   26.00   	     35.00
2022-08-25,13:52:53	    2294  	    3002   	      2654   	   26.00   	     35.00
2022-08-25,13:52:58	    2293  	    2999   	      2655   	   26.00   	     35.00
2022-08-25,13:53:04	    2292  	    2998   	      2651   	   26.00   	     35.00
2022-08-25,13:53:10	    2294  	    2990   	      2639   	   26.00   	     34.00
2022-08-25,13:53:15	    2295  	    3005   	      2655   	   26.00   	     34.00
2022-08-25,13:53:26	    2299  	    3011   	      2651   	   26.00   	     34.00
2022-08-25,13:53:31	    2293  	    3001   	      2640   	   26.00   	     34.00
2022-08-25,13:53:37	    2297  	    3005   	      2648   	   26.00   	     34.00
2022-08-25,13:53:43	    2293  	    3001   	      2642   	   26.00   	     34.00
2022-08-25,13:53:48	    2293  	    2998   	      2637   	   26.00   	     34.00
2022-08-25,13:53:54	    2287  	    2998   	      2639   	   26.00   	     34.00
2022-08-25,13:53:59	    2283  	    2983   	      2627   	   26.00   	     34.00
2022-08-25,13:54:05	    2278  	    2983   	      2624   	   26.00   	     34.00
2022-08-25,13:54:10	    2282  	    2985   	      2625   	   26.00   	     34.00
2022-08-25,13:54:16	    2285  	    2980   	      2626   	   26.00   	     34.00
2022-08-25,13:54:22	    2277  	    2966   	      2628   	   26.00   	     34.00
2022-08-25,13:54:30	    2272  	    2962   	      2622   	   26.00   	     34.00
2022-08-25,13:54:38	    2285  	    2987   	      2627   	   26.00   	     34.00
2022-08-25,13:54:43	    2291  	    2990   	      2629   	   26.00   	     34.00
2022-08-25,13:54:49	    2294  	    2991   	      2634   	   26.00   	     34.00
2022-08-25,13:54:55	    2293  	    2994   	      2632   	   26.00   	     34.00
2022-08-25,13:55:00	    2282  	    2983   	      2627   	   26.00   	     34.00
2022-08-25,13:55:06	    2281  	    2971   	      2626   	   26.00   	     34.00
2022-08-25,13:55:12	    2284  	    2978   	      2626   	   26.00   	     34.00
2022-08-25,13:55:18	    2284  	    2978   	      2626   	   26.00   	     34.00
2022-08-25,13:55:23	    2295  	    2988   	      2640   	   26.00   	     34.00
2022-08-25,13:55:29	    2290  	    2988   	      2628   	   26.00   	     34.00
2022-08-25,13:55:35	    2289  	    2972   	      2622   	   26.00   	     34.00
2022-08-25,13:55:43	    2293  	    2987   	      2624   	   26.00   	     34.00
2022-08-25,13:56:49	    2258  	    2960   	      2617   	   26.00   	     33.00
2022-08-25,18:07:55	    1930  	    3046   	      2654   	   25.00   	     27.00
2022-08-25,18:08:00	    1936  	    3051   	      2674   	   25.00   	     27.00
2022-08-25,18:08:06	    1942  	    3057   	      2680   	   25.00   	     27.00
2022-08-25,18:08:11	    1935  	    3054   	      2673   	   25.00   	     27.00
2022-08-25,18:08:17	    1940  	    3057   	      2676   	   25.00   	     27.00
2022-08-25,18:08:23	    1935  	    3052   	      2679   	   25.00   	     27.00
2022-08-25,18:08:31	    1938  	    3051   	      2680   	   25.00   	     27.00
2022-08-25,18:08:39	    1935  	    3050   	      2677   	   25.00   	     27.00
2022-08-25,18:08:47	    1930  	    3048   	      2677   	   25.00   	     27.00
2022-08-25,18:08:52	    1936  	    3048   	      2678   	   25.00   	     27.00
2022-08-25,18:08:58	    1927  	    3043   	      2669   	   25.00   	     27.00
2022-08-26,10:13:20	    2339  	    3070   	      2614   	   28.00   	     76.00
2022-08-26,10:13:25	    2329  	    3058   	      2609   	   28.00   	     76.00
2022-08-26,10:13:31	    2360  	    3091   	      2641   	   28.00   	     76.00
2022-08-26,10:13:37	    2342  	    3091   	      2639   	   28.00   	     76.00
2022-08-26,10:13:42	    2345  	    3095   	      2647   	   28.00   	     76.00
2022-08-26,10:13:48	    2325  	    3079   	      2636   	   28.00   	     76.00
2022-08-26,10:13:56	    2328  	    3087   	      2646   	   28.00   	     76.00
2022-08-26,10:14:01	    2307  	    3080   	      2635   	   28.00   	     76.00
2022-08-26,10:14:07	    2300  	    3078   	      2634   	   28.00   	     76.00
2022-08-26,10:14:15	    2297  	    3070   	      2638   	   28.00   	     76.00
2022-08-26,10:14:21	    2283  	    3064   	      2633   	   28.00   	     76.00
2022-08-26,10:14:26	    2283  	    3066   	      2627   	   28.00   	     76.00
2022-08-26,10:14:32	    2271  	    3056   	      2629   	   28.00   	     76.00
2022-08-26,10:14:37	    2269  	    3049   	      2626   	   28.00   	     76.00
2022-08-26,10:14:43	    2277  	    3060   	      2630   	   28.00   	     76.00
2022-08-26,10:14:49	    2271  	    3047   	      2625   	   28.00   	     76.00
2022-08-26,10:14:54	    2273  	    3041   	      2621   	   28.00   	     76.00
2022-08-26,10:15:02	    2278  	    3047   	      2624   	   28.00   	     76.00
2022-08-26,10:15:08	    2294  	    3053   	      2630   	   28.00   	     76.00
2022-08-26,10:15:13	    2304  	    3065   	      2630   	   28.00   	     76.00
2022-08-26,10:15:19	    2318  	    3072   	      2631   	   28.00   	     76.00
2022-08-26,10:15:25	    2337  	    3083   	      2645   	   28.00   	     76.00
2022-08-26,10:15:30	    2337  	    3073   	      2638   	   28.00   	     76.00
2022-08-26,10:15:36	    2333  	    3084   	      2647   	   28.00   	     76.00
2022-08-26,10:15:41	    2329  	    3084   	      2645   	   28.00   	     76.00
2022-08-26,10:15:47	    2327  	    3081   	      2640   	   28.00   	     76.00
2022-08-26,10:15:52	    2320  	    3086   	      2647   	   28.00   	     76.00
2022-08-26,10:15:58	    2306  	    3073   	      2635   	   28.00   	     76.00
2022-08-26,10:16:04	    2316  	    3088   	      2647   	   28.00   	     76.00
2022-08-26,10:16:09	    2322  	    3090   	      2652   	   28.00   	     76.00
2022-08-26,10:16:15	    2320  	    3089   	      2650   	   28.00   	     76.00
2022-08-26,10:16:20	    2319  	    3086   	      2653   	   28.00   	     76.00
2022-08-26,10:16:26	    2306  	    3076   	      2647   	   28.00   	     76.00
2022-08-26,10:16:31	    2308  	    3080   	      2643   	   28.00   	     76.00
2022-08-26,10:16:37	    2306  	    3077   	      2648   	   28.00   	     76.00
2022-08-26,10:16:43	    2299  	    3066   	      2638   	   28.00   	     76.00
2022-08-26,10:16:48	    2291  	    3072   	      2641   	   28.00   	     76.00
2022-08-26,10:16:54	    2281  	    3063   	      2637   	   28.00   	     76.00
2022-08-26,10:16:59	    2287  	    3066   	      2640   	   28.00   	     76.00
2022-08-26,10:17:05	    2272  	    3050   	      2628   	   28.00   	     76.00
2022-08-26,10:17:11	    2278  	    3064   	      2631   	   28.00   	     76.00
2022-08-26,10:17:16	    2276  	    3060   	      2634   	   28.00   	     76.00
2022-08-26,10:17:22	    2276  	    3053   	      2624   	   28.00   	     76.00
2022-08-26,10:17:27	    2293  	    3067   	      2635   	   28.00   	     76.00
2022-08-26,10:17:33	    2300  	    3065   	      2636   	   28.00   	     76.00
2022-08-26,10:17:38	    2313  	    3070   	      2637   	   28.00   	     76.00
2022-08-26,10:17:44	    2349  	    3096   	      2657   	   28.00   	     76.00
2022-08-26,10:17:50	    2336  	    3092   	      2645   	   28.00   	     76.00
2022-08-26,10:18:03	    2328  	    3085   	      2629   	   28.00   	     76.00
2022-08-26,10:18:08	    2350  	    3092   	      2640   	   28.00   	     76.00
2022-08-27,10:50:13	    1968  	    5358   	      4944   	   21.00   	     36.00
2022-08-27,10:50:19	    2002  	    5431   	      4964   	   21.00   	     35.00
2022-08-27,10:50:24	    2001  	    5414   	      4980   	   21.00   	     35.00
2022-08-27,10:50:32	    1994  	    5348   	      4705   	   21.00   	     35.00
2022-08-27,10:50:38	    1997  	    5380   	      4971   	   21.00   	     35.00
2022-08-27,10:52:17	    1946  	    5419   	      4979   	   21.00   	     36.00
2022-08-27,10:52:28	    1995  	    5482   	      4775   	   21.00   	     35.00
2022-08-27,10:52:33	    1999  	    5488   	      4929   	   21.00   	     36.00
2022-08-27,10:52:39	    1991  	    5445   	      4729   	   21.00   	     35.00
2022-08-27,10:52:45	    1996  	    5462   	      4869   	   21.00   	     35.00
2022-08-27,10:52:50	    1995  	    5475   	      4980   	   21.00   	     35.00
2022-08-27,10:52:56	    1991  	    5425   	      4734   	   21.00   	     36.00
2022-08-27,10:53:01	    1991  	    5412   	      4799   	   21.00   	     36.00
2022-08-27,10:53:07	    1984  	    5449   	      4687   	   21.00   	     36.00
2022-08-27,10:53:13	    1989  	    5459   	      4697   	   21.00   	     36.00
2022-08-27,10:53:18	    1979  	    5425   	      4745   	   21.00   	     36.00
2022-08-27,10:53:24	    1987  	    5459   	      4776   	   21.00   	     36.00
2022-08-27,10:53:29	    1981  	    5385   	      4687   	   21.00   	     36.00
2022-08-27,10:53:45	    1984  	    5413   	      4981   	   21.00   	     36.00
2022-08-27,11:07:30	    2014  	    5470   	      4769   	   20.00   	     34.00
2022-08-27,11:07:38	    2014  	    5448   	      4838   	   20.00   	     34.00
2022-08-27,11:07:43	    2015  	    5447   	      4708   	   20.00   	     33.00
2022-08-27,11:07:49	    2007  	    5437   	      4867   	   20.00   	     33.00
2022-08-27,11:07:54	    1993  	    5404   	      4734   	   20.00   	     33.00
2022-08-27,11:08:00	    1998  	    5383   	      4713   	   20.00   	     33.00
2022-08-27,11:08:06	    1999  	    5414   	      4865   	   20.00   	     33.00
2022-08-27,11:08:11	    1994  	    5388   	      4855   	   20.00   	     33.00
2022-08-27,11:08:17	    1993  	    5399   	      4879   	   20.00   	     33.00
2022-08-27,11:08:25	    1995  	    5390   	      4726   	   20.00   	     33.00
2022-08-27,11:08:30	    1991  	    5387   	      4968   	   20.00   	     33.00
2022-08-27,11:08:39	    1984  	    5381   	      4686   	   20.00   	     34.00
2022-08-27,11:08:44	    1983  	    5394   	      4690   	   20.00   	     33.00
2022-08-27,11:08:50	    1989  	    5389   	      4851   	   20.00   	     33.00
2022-08-27,11:08:55	    1986  	    5380   	      4892   	   20.00   	     33.00
2022-08-27,11:09:01	    1985  	    5379   	      4843   	   20.00   	     33.00
2022-08-27,11:09:12	    1991  	    5358   	      4981   	   20.00   	     34.00
2022-08-27,11:09:17	    1989  	    5357   	      4703   	   20.00   	     34.00
2022-08-27,11:09:23	    1985  	    5337   	      4896   	   20.00   	     34.00
2022-08-27,11:09:28	    1989  	    5327   	      4717   	   20.00   	     34.00
2022-08-27,11:09:34	    1993  	    5337   	      4975   	   20.00   	     33.00
2022-08-27,11:09:39	    1987  	    5327   	      4891   	   20.00   	     33.00
2022-08-27,11:09:48	    1992  	    5309   	      4854   	   20.00   	     33.00
2022-08-27,11:09:56	    1996  	    5322   	      4978   	   20.00   	     33.00
2022-08-27,11:10:01	    1984  	    5312   	      4992   	   20.00   	     33.00
2022-08-27,11:10:07	    1986  	    5359   	      4918   	   20.00   	     33.00
2022-08-27,11:10:12	    1985  	    5346   	      4776   	   20.00   	     33.00
2022-08-27,11:10:18	    1995  	    5344   	      4965   	   20.00   	     33.00
2022-08-27,11:10:24	    1987  	    5329   	      4851   	   20.00   	     33.00
2022-08-27,11:10:29	    1986  	    5347   	      4792   	   20.00   	     33.00
2022-08-27,11:10:35	    1980  	    5324   	      4982   	   20.00   	     33.00
2022-08-27,11:10:40	    1974  	    5281   	      4684   	   20.00   	     33.00
2022-08-27,11:10:46	    1973  	    5306   	      4807   	   20.00   	     33.00
2022-08-27,11:11:23	    1956  	    5278   	      4930   	   20.00   	     32.00
2022-08-27,11:11:28	    1980  	    5288   	      4748   	   20.00   	     33.00
2022-08-27,11:11:34	    1985  	    5309   	      4787   	   20.00   	     32.00
2022-08-27,11:11:40	    1991  	    5318   	      4783   	   20.00   	     32.00
2022-08-27,11:11:45	    1978  	    5261   	      4724   	   20.00   	     32.00
2022-08-27,11:11:51	    1987  	    5302   	      4959   	   20.00   	     32.00
2022-08-27,11:11:56	    1962  	    5251   	      4771   	   20.00   	     32.00
2022-08-27,11:12:09	    1994  	    5282   	      4967   	   20.00   	     32.00
2022-08-27,11:12:18	    1986  	    5292   	      4735   	   20.00   	     32.00
2022-08-27,11:12:26	    1976  	    5267   	      4925   	   20.00   	     32.00
2022-08-27,11:12:34	    1981  	    5274   	      4720   	   20.00   	     32.00
2022-08-27,11:12:39	    1975  	    5263   	      4704   	   20.00   	     33.00
2022-08-27,11:12:45	    1986  	    5310   	      4976   	   20.00   	     32.00
2022-08-27,11:12:51	    1979  	    5287   	      4855   	   20.00   	     32.00
2022-08-27,11:12:56	    1978  	    5298   	      4690   	   20.00   	     32.00
2022-08-27,11:13:02	    1972  	    5281   	      4775   	   20.00   	     32.00
2022-08-27,11:13:07	    1974  	    5292   	      4786   	   20.00   	     32.00
2022-08-27,11:13:13	    1982  	    5298   	      4803   	   20.00   	     32.00
2022-08-27,11:13:18	    1983  	    5277   	      4702   	   20.00   	     32.00
2022-08-27,11:13:24	    1977  	    5256   	      4883   	   20.00   	     33.00
2022-08-27,11:13:30	    1980  	    5285   	      4988   	   20.00   	     32.00
2022-08-27,11:20:42	    1978  	    5205   	      4981   	   21.00   	     34.00
2022-08-27,11:20:48	    2006  	    5214   	      4993   	   21.00   	     34.00
2022-08-27,11:20:53	    2019  	    5237   	      4949   	   21.00   	     34.00
2022-08-27,11:20:59	    2016  	    5241   	      4703   	   21.00   	     35.00
2022-08-27,11:21:04	    2011  	    5245   	      4871   	   21.00   	     35.00
2022-08-27,11:21:10	    2004  	    5232   	      4732   	   21.00   	     35.00
2022-08-27,11:21:16	    2008  	    5240   	      4688   	   21.00   	     35.00
2022-08-27,11:21:21	    2008  	    5223   	      4694   	   21.00   	     35.00
2022-08-27,11:21:27	    2007  	    5230   	      4727   	   21.00   	     35.00
2022-08-27,11:21:35	    2004  	    5224   	      4993   	   21.00   	     34.00
2022-08-27,11:21:41	    2003  	    5230   	      4908   	   21.00   	     35.00
2022-08-27,11:21:46	    1997  	    5206   	      4683   	   21.00   	     35.00
2022-08-27,11:21:52	    1983  	    5174   	      4872   	   21.00   	     35.00
2022-08-27,11:22:01	    1999  	    5199   	      4961   	   21.00   	     34.00
2022-08-27,11:22:07	    2009  	    5240   	      4818   	   21.00   	     34.00
2022-08-27,11:22:13	    2007  	    5236   	      4691   	   21.00   	     34.00
2022-08-27,11:22:18	    2009  	    5243   	      4867   	   21.00   	     34.00
2022-08-27,11:22:24	    2006  	    5236   	      4716   	   21.00   	     34.00
2022-08-27,11:22:29	    2011  	    5233   	      4852   	   21.00   	     34.00
2022-08-27,11:22:38	    2006  	    5236   	      4688   	   21.00   	     34.00
2022-08-27,11:22:46	    1998  	    5192   	      4971   	   21.00   	     35.00
2022-08-27,11:22:53	    2005  	    5218   	      4977   	   21.00   	     34.00
2022-08-27,11:22:58	    2007  	    5225   	      4948   	   21.00   	     35.00
2022-08-27,11:23:04	    2005  	    5223   	      4953   	   21.00   	     35.00
2022-08-27,11:23:09	    2012  	    5223   	      4874   	   21.00   	     34.00
2022-08-27,11:23:15	    2013  	    5224   	      4690   	   21.00   	     34.00
2022-08-27,11:23:20	    1999  	    5195   	      4767   	   21.00   	     34.00
2022-08-27,11:23:27	    1999  	    5204   	      4771   	   21.00   	     34.00
2022-08-27,11:23:33	    1995  	    5217   	      4700   	   21.00   	     34.00
2022-08-27,11:23:38	    1992  	    5205   	      4781   	   21.00   	     34.00
2022-08-27,11:23:44	    2007  	    5227   	      4976   	   21.00   	     34.00
2022-08-27,11:23:49	    2002  	    5212   	      4924   	   21.00   	     34.00
2022-08-27,11:23:55	    2002  	    5218   	      4720   	   21.00   	     34.00
2022-08-27,11:24:01	    1996  	    5215   	      4740   	   21.00   	     34.00
2022-08-27,11:24:06	    1997  	    5204   	      4717   	   21.00   	     35.00
2022-08-27,11:24:12	    2003  	    5222   	      4791   	   21.00   	     34.00
2022-08-27,11:24:17	    1996  	    5164   	      4951   	   21.00   	     34.00
2022-08-27,11:24:23	    1996  	    5200   	      4704   	   21.00   	     34.00
2022-08-27,11:24:28	    2001  	    5214   	      4993   	   21.00   	     34.00
2022-08-27,11:24:34	    1997  	    5202   	      4679   	   21.00   	     34.00
2022-08-27,11:24:40	    1994  	    5202   	      4980   	   21.00   	     34.00
2022-08-27,11:24:45	    1996  	    5195   	      4689   	   21.00   	     34.00
2022-08-27,11:24:51	    1997  	    5203   	      4740   	   21.00   	     35.00
2022-08-27,11:24:56	    2002  	    5187   	      4715   	   21.00   	     35.00
2022-08-27,11:25:02	    1998  	    5202   	      4702   	   21.00   	     34.00
2022-08-27,11:25:20	    2005  	    5194   	      4991   	   21.00   	     34.00
2022-08-27,11:25:26	    1995  	    5190   	      4903   	   21.00   	     34.00
2022-08-27,11:25:31	    2001  	    5207   	      4762   	   21.00   	     34.00
2022-08-27,11:25:39	    1999  	    5201   	      4990   	   21.00   	     34.00
2022-08-27,11:25:45	    1998  	    5203   	      4937   	   21.00   	     35.00
2022-08-27,11:25:51	    1997  	    5194   	      4976   	   21.00   	     35.00
2022-08-27,11:25:56	    2001  	    5195   	      4834   	   21.00   	     35.00
2022-08-27,11:26:02	    1993  	    5186   	      4719   	   21.00   	     34.00
2022-08-27,11:26:07	    1995  	    5192   	      4726   	   21.00   	     34.00
2022-08-27,11:26:13	    1990  	    5188   	      4882   	   21.00   	     34.00
2022-08-27,11:26:19	    1992  	    5187   	      4944   	   21.00   	     34.00
2022-08-27,11:26:27	    1997  	    5189   	      4686   	   21.00   	     34.00
2022-08-27,11:26:32	    1992  	    5188   	      5000   	   21.00   	     34.00
2022-08-27,11:26:38	    1997  	    5187   	      4700   	   21.00   	     34.00
2022-08-27,11:26:43	    1999  	    5197   	      4913   	   21.00   	     34.00
2022-08-27,11:26:49	    2004  	    5200   	      4764   	   21.00   	     34.00
2022-08-27,11:26:55	    2004  	    5206   	      4973   	   21.00   	     34.00
2022-08-27,11:27:00	    1994  	    5187   	      4806   	   21.00   	     34.00
2022-08-27,11:27:06	    1990  	    5176   	      4903   	   21.00   	     34.00
2022-08-27,11:27:11	    1989  	    5183   	      4990   	   21.00   	     34.00
2022-08-27,11:27:17	    1980  	    5154   	      4684   	   21.00   	     34.00
2022-08-27,11:27:22	    1980  	    5155   	      4738   	   21.00   	     34.00
2022-08-27,11:27:28	    1987  	    5153   	      4765   	   21.00   	     34.00
2022-08-27,11:27:34	    1967  	    5135   	      4904   	   21.00   	     34.00
2022-08-27,11:27:39	    1987  	    5170   	      4795   	   21.00   	     34.00
2022-08-27,11:27:47	    1984  	    5169   	      4875   	   21.00   	     34.00
2022-08-27,11:27:56	    1989  	    5172   	      4919   	   21.00   	     34.00
2022-08-27,11:28:01	    1994  	    5178   	      4706   	   21.00   	     34.00
2022-08-27,11:28:07	    1995  	    5193   	      4685   	   21.00   	     34.00
2022-08-27,11:28:15	    1994  	    5189   	      4856   	   21.00   	     34.00
2022-08-27,11:28:21	    1972  	    5155   	      4996   	   21.00   	     34.00
2022-08-27,11:28:26	    1984  	    5155   	      4986   	   21.00   	     34.00
2022-08-27,11:28:32	    1976  	    5127   	      4925   	   21.00   	     34.00
2022-08-27,11:28:37	    1992  	    5167   	      4991   	   21.00   	     34.00
2022-08-27,11:28:43	    1984  	    5155   	      4900   	   21.00   	     34.00
2022-08-27,11:28:56	    1973  	    5133   	      4951   	   21.00   	     33.00
2022-08-27,11:29:07	    1980  	    5169   	      4680   	   21.00   	     33.00
2022-08-27,11:29:13	    1987  	    5158   	      4688   	   21.00   	     33.00
2022-08-27,11:29:21	    2000  	    5206   	      4994   	   21.00   	     33.00
2022-08-27,11:29:27	    1979  	    5147   	      4993   	   21.00   	     33.00
2022-08-27,11:29:35	    1973  	    5163   	      4922   	   21.00   	     2.00
2022-08-27,11:29:40	    1993  	    5197   	      4706   	   21.00   	     33.00
2022-08-27,11:29:47	    1985  	    5180   	      4996   	   21.00   	     34.00
2022-08-27,11:29:53	    1997  	    5202   	      4741   	   21.00   	     34.00
2022-08-27,11:29:58	    1996  	    5212   	      4799   	   21.00   	     33.00
2022-08-27,11:30:04	    2002  	    5216   	      4759   	   21.00   	     33.00
2022-08-27,11:30:09	    1996  	    5200   	      4766   	   21.00   	     33.00
2022-08-27,11:30:15	    1993  	    5199   	      4986   	   21.00   	     34.00
2022-08-27,11:30:21	    1993  	    5201   	      4683   	   21.00   	     33.00
2022-08-27,11:30:27	    1990  	    5199   	      4694   	   21.00   	     33.00
2022-08-27,11:30:32	    1993  	    5186   	      4955   	   21.00   	     33.00
2022-08-27,11:30:38	    1994  	    5199   	      4984   	   21.00   	     33.00
2022-08-27,11:30:43	    1996  	    5211   	      4978   	   21.00   	     33.00
2022-08-27,11:30:49	    1976  	    5153   	      4992   	   21.00   	     33.00
2022-08-27,11:30:54	    1969  	    5162   	      4683   	   21.00   	     34.00
2022-08-27,11:31:00	    1969  	    5174   	      4951   	   21.00   	     34.00
2022-08-27,11:31:06	    1990  	    5175   	      4740   	   21.00   	     33.00
2022-08-27,11:31:11	    1989  	    5199   	      4813   	   21.00   	     33.00
2022-08-27,11:31:17	    1989  	    5207   	      4993   	   21.00   	     33.00
2022-08-27,11:31:22	    1988  	    5186   	      4893   	   21.00   	     33.00
2022-08-27,11:31:30	    1985  	    5181   	      5002   	   21.00   	     33.00
2022-08-27,11:31:36	    1983  	    5194   	      4854   	   21.00   	     33.00
2022-08-27,11:31:42	    1984  	    5200   	      4791   	   21.00   	     33.00
2022-08-27,11:31:47	    1982  	    5180   	      4861   	   21.00   	     33.00
2022-08-27,11:31:53	    1986  	    5189   	      4982   	   21.00   	     33.00
2022-08-27,11:31:59	    1986  	    5189   	      4978   	   21.00   	     33.00
2022-08-27,11:32:04	    1986  	    5185   	      4881   	   21.00   	     33.00
2022-08-27,11:32:10	    1992  	    5193   	      4982   	   21.00   	     33.00
2022-08-27,11:32:15	    1980  	    5185   	      4923   	   21.00   	     33.00
2022-08-27,11:32:24	    1980  	    5170   	      4682   	   21.00   	     33.00
2022-08-27,11:32:29	    1989  	    5201   	      4780   	   21.00   	     33.00
2022-08-27,11:32:35	    1981  	    5195   	      4681   	   21.00   	     33.00
2022-08-27,11:32:43	    1983  	    5194   	      4681   	   21.00   	     33.00
2022-08-27,11:32:49	    1986  	    5199   	      5001   	   21.00   	     33.00
2022-08-27,11:32:54	    1970  	    5178   	      4775   	   21.00   	     32.00
2022-08-27,11:33:02	    1970  	    5184   	      4999   	   21.00   	     32.00
2022-08-27,11:33:13	    1972  	    5178   	      4989   	   21.00   	     32.00
2022-08-27,11:33:18	    1980  	    5177   	      5007   	   21.00   	     32.00
2022-08-27,11:33:24	    1990  	    5219   	      4627   	   21.00   	     32.00
2022-08-27,11:33:30	    1989  	    5192   	      4611   	   21.00   	     32.00
2022-08-27,11:33:37	    1992  	    5197   	      4656   	   21.00   	     32.00
2022-08-27,11:33:42	    1988  	    5187   	      5044   	   21.00   	     32.00
2022-08-27,11:33:48	    1983  	    5194   	      4635   	   21.00   	     33.00
2022-08-27,11:33:53	    1992  	    5193   	      5082   	   20.00   	     33.00
2022-08-27,11:33:59	    1986  	    5191   	      4816   	   20.00   	     32.00
2022-08-27,11:34:06	    1984  	    5189   	      4787   	   20.00   	     32.00
2022-08-27,11:34:11	    1988  	    5187   	      5074   	   21.00   	     32.00
2022-08-27,11:34:18	    1983  	    5182   	      4612   	   20.00   	     32.00
2022-08-27,11:34:24	    1981  	    5168   	      5076   	   20.00   	     32.00
2022-08-27,11:34:30	    1959  	    5166   	      4607   	   20.00   	     33.00
2022-08-27,11:34:37	    1978  	    5175   	      4929   	   20.00   	     32.00
2022-08-27,11:34:44	    1986  	    5190   	      4642   	   20.00   	     32.00
2022-08-27,11:34:49	    1981  	    5186   	      4641   	   20.00   	     32.00
2022-08-27,11:34:57	    1981  	    5174   	      4617   	   20.00   	     32.00
2022-08-27,11:35:03	    1979  	    5188   	      5081   	   20.00   	     32.00
2022-08-27,11:35:10	    1983  	    5177   	      5027   	   20.00   	     32.00
2022-08-27,11:35:15	    1981  	    5183   	      4611   	   20.00   	     32.00
2022-08-27,11:35:21	    1983  	    5171   	      4715   	   20.00   	     32.00
2022-08-27,11:35:26	    1984  	    5172   	      5074   	   20.00   	     32.00
2022-08-27,11:35:34	    1978  	    5162   	      5041   	   20.00   	     32.00
2022-08-27,11:35:40	    1969  	    5157   	      4952   	   20.00   	     32.00
2022-08-27,11:35:50	    1987  	    5179   	      4700   	   20.00   	     32.00
2022-08-27,11:35:55	    1987  	    5185   	      4888   	   20.00   	     32.00
2022-08-27,11:36:01	    1977  	    5167   	      4986   	   20.00   	     32.00
2022-08-27,11:36:06	    1981  	    5154   	      4961   	   20.00   	     32.00
2022-08-27,11:36:12	    1983  	    5170   	      4616   	   20.00   	     32.00
2022-08-27,11:36:18	    1981  	    5169   	      4771   	   20.00   	     32.00
2022-08-27,11:36:23	    1976  	    5156   	      4998   	   20.00   	     32.00
2022-08-27,11:36:29	    1978  	    5154   	      5077   	   20.00   	     32.00
2022-08-27,11:36:35	    1975  	    5146   	      5019   	   20.00   	     32.00
2022-08-27,11:36:41	    1982  	    5160   	      4620   	   20.00   	     32.00
2022-08-27,11:36:47	    1980  	    5146   	      4675   	   20.00   	     32.00
2022-08-27,11:36:52	    1979  	    5150   	      4714   	   20.00   	     32.00
2022-08-27,11:36:58	    1977  	    5157   	      5015   	   20.00   	     32.00
2022-08-27,11:37:03	    1978  	    5136   	      5025   	   20.00   	     32.00
2022-08-27,11:37:09	    1981  	    5146   	      4611   	   20.00   	     32.00
2022-08-27,11:37:14	    1981  	    5149   	      5051   	   20.00   	     32.00
2022-08-27,11:37:21	    1979  	    5156   	      4612   	   20.00   	     32.00
2022-08-27,11:37:27	    1979  	    5141   	      5060   	   20.00   	     33.00
2022-08-27,11:37:33	    1975  	    5137   	      4642   	   20.00   	     32.00
2022-08-27,11:37:38	    1979  	    5153   	      4724   	   20.00   	     32.00
2022-08-27,11:37:45	    1978  	    5149   	      4887   	   20.00   	     32.00
2022-08-27,11:37:50	    1976  	    5151   	      4931   	   20.00   	     32.00
2022-08-27,11:37:56	    1982  	    5158   	      5059   	   20.00   	     32.00
2022-08-27,11:38:02	    1983  	    5141   	      4698   	   20.00   	     32.00
2022-08-27,11:38:07	    1984  	    5156   	      4964   	   20.00   	     32.00
2022-08-27,11:38:13	    1988  	    5161   	      4612   	   20.00   	     32.00
2022-08-27,11:38:19	    1985  	    5146   	      4668   	   20.00   	     33.00
2022-08-27,11:38:24	    1983  	    5147   	      5032   	   20.00   	     33.00
2022-08-27,11:38:30	    1979  	    5150   	      5063   	   20.00   	     33.00
2022-08-27,11:38:36	    1985  	    5151   	      4686   	   20.00   	     33.00
2022-08-27,11:38:41	    1990  	    5152   	      4624   	   20.00   	     32.00
2022-08-27,11:38:51	    1991  	    5154   	      4943   	   20.00   	     32.00
2022-08-27,11:38:57	    1988  	    5149   	      4631   	   20.00   	     32.00
2022-08-27,11:39:03	    1987  	    5158   	      5056   	   20.00   	     32.00
2022-08-27,11:39:08	    1994  	    5159   	      4681   	   20.00   	     33.00
2022-08-27,11:39:16	    1989  	    5152   	      4784   	   20.00   	     33.00
2022-08-27,11:39:26	    1998  	    5153   	      4711   	   20.00   	     34.00
2022-08-27,11:39:31	    1993  	    5157   	      4821   	   20.00   	     34.00
2022-08-27,11:39:37	    1993  	    5154   	      4751   	   20.00   	     34.00
2022-08-27,11:39:42	    2006  	    5175   	      5028   	   20.00   	     34.00
2022-08-27,11:39:48	    2004  	    5168   	      5073   	   20.00   	     35.00
2022-08-27,11:39:54	    1993  	    5165   	      4616   	   20.00   	     35.00
2022-08-27,11:39:59	    2005  	    5170   	      4826   	   20.00   	     35.00
2022-08-27,11:40:05	    2001  	    5187   	      4857   	   21.00   	     35.00
2022-08-27,11:40:10	    2003  	    5166   	      4661   	   21.00   	     35.00
2022-08-27,11:40:16	    2004  	    5172   	      5069   	   21.00   	     35.00
2022-08-27,11:40:23	    2007  	    5185   	      4627   	   21.00   	     35.00
2022-08-27,11:40:28	    2002  	    5183   	      4963   	   21.00   	     35.00
2022-08-27,11:40:34	    2002  	    5169   	      4623   	   21.00   	     35.00
2022-08-27,11:40:40	    2011  	    5183   	      5071   	   21.00   	     35.00
2022-08-27,11:40:46	    2014  	    5193   	      4957   	   21.00   	     35.00
2022-08-27,11:40:51	    2013  	    5182   	      4619   	   21.00   	     35.00
2022-08-27,11:40:57	    2013  	    5195   	      4960   	   21.00   	     35.00
2022-08-27,11:41:03	    2007  	    5169   	      5011   	   21.00   	     35.00
2022-08-27,11:41:08	    2015  	    5200   	      4609   	   21.00   	     35.00
2022-08-27,11:41:14	    2010  	    5212   	      5069   	   21.00   	     35.00
2022-08-27,11:41:19	    2021  	    5216   	      4652   	   21.00   	     36.00
2022-08-27,11:41:25	    2023  	    5203   	      4612   	   21.00   	     36.00
2022-08-27,11:41:30	    2015  	    5186   	      5059   	   21.00   	     36.00
2022-08-27,11:41:36	    2020  	    5182   	      5004   	   21.00   	     36.00
2022-08-27,11:41:42	    2022  	    5192   	      4629   	   21.00   	     36.00
2022-08-27,11:41:47	    2025  	    5190   	      4608   	   21.00   	     36.00
2022-08-27,11:41:53	    2032  	    5207   	      5009   	   21.00   	     36.00
2022-08-27,11:41:58	    2028  	    5212   	      4925   	   21.00   	     36.00
2022-08-27,11:42:04	    2025  	    5181   	      4619   	   21.00   	     36.00
2022-08-27,11:42:10	    2023  	    5195   	      4838   	   21.00   	     36.00
2022-08-27,11:42:15	    2027  	    5192   	      4993   	   21.00   	     36.00
2022-08-27,11:42:21	    2031  	    5202   	      4603   	   21.00   	     36.00
2022-08-27,11:42:26	    2026  	    5193   	      4779   	   21.00   	     37.00
2022-08-27,11:42:34	    2024  	    5182   	      4631   	   21.00   	     36.00
2022-08-27,11:42:40	    2031  	    5196   	      4643   	   21.00   	     36.00
2022-08-27,11:42:48	    2033  	    5194   	      4725   	   21.00   	     36.00
2022-08-27,11:42:53	    2034  	    5207   	      4974   	   21.00   	     36.00
2022-08-27,11:42:59	    2029  	    5199   	      5070   	   21.00   	     36.00
2022-08-27,11:43:04	    2025  	    5189   	      4868   	   21.00   	     36.00
2022-08-27,11:43:10	    2023  	    5195   	      4665   	   21.00   	     36.00
2022-08-27,11:43:15	    2029  	    5204   	      5047   	   21.00   	     36.00
2022-08-27,11:43:21	    2030  	    5224   	      4959   	   21.00   	     36.00
2022-08-27,11:43:27	    2024  	    5218   	      5047   	   21.00   	     36.00
2022-08-27,11:43:32	    2024  	    5225   	      5014   	   21.00   	     36.00
2022-08-27,11:43:38	    2023  	    5213   	      4629   	   21.00   	     36.00
2022-08-27,11:43:43	    2022  	    5226   	      4638   	   21.00   	     36.00
2022-08-27,11:43:49	    2029  	    5218   	      5023   	   21.00   	     36.00
2022-08-27,11:43:57	    2024  	    5193   	      4757   	   21.00   	     36.00
2022-08-27,11:44:03	    2030  	    5215   	      4909   	   21.00   	     36.00
2022-08-27,11:44:09	    2036  	    5206   	      4875   	   21.00   	     36.00
2022-08-27,11:44:15	    2034  	    5203   	      5068   	   21.00   	     36.00
2022-08-27,11:44:20	    2030  	    5217   	      4681   	   21.00   	     35.00
2022-08-27,11:44:26	    2022  	    5215   	      4607   	   21.00   	     36.00
2022-08-27,11:44:34	    2022  	    5225   	      4603   	   21.00   	     36.00
2022-08-27,11:44:42	    2029  	    5238   	      4662   	   21.00   	     36.00
2022-08-27,11:44:48	    2025  	    5246   	      5065   	   21.00   	     36.00
2022-08-27,11:44:53	    2018  	    5256   	      4615   	   21.00   	     36.00
2022-08-27,11:44:59	    2022  	    5270   	      5042   	   21.00   	     36.00
2022-08-27,11:45:04	    2018  	    5277   	      4690   	   21.00   	     35.00
2022-08-27,11:45:10	    2027  	    5294   	      4678   	   21.00   	     36.00
2022-08-27,11:45:16	    2030  	    5282   	      5065   	   21.00   	     36.00
2022-08-27,11:45:21	    2026  	    5254   	      4618   	   21.00   	     35.00
2022-08-27,11:45:27	    2032  	    5256   	      4764   	   21.00   	     35.00
2022-08-27,11:45:32	    2029  	    5249   	      4699   	   21.00   	     36.00
2022-08-27,11:45:38	    2025  	    5257   	      4927   	   21.00   	     36.00
2022-08-27,11:45:43	    2030  	    5269   	      4624   	   21.00   	     36.00
2022-08-27,11:45:49	    2030  	    5249   	      5067   	   21.00   	     36.00
2022-08-27,11:45:55	    2026  	    5266   	      4630   	   21.00   	     35.00
2022-08-27,11:46:01	    2024  	    5261   	      5059   	   21.00   	     35.00
2022-08-27,11:46:06	    2029  	    5270   	      4962   	   21.00   	     35.00
2022-08-27,11:46:12	    2029  	    5268   	      4610   	   21.00   	     35.00
2022-08-27,11:46:17	    2024  	    5254   	      4721   	   21.00   	     35.00
2022-08-27,11:46:23	    2031  	    5262   	      4623   	   21.00   	     35.00
2022-08-27,11:46:29	    2027  	    5278   	      5064   	   21.00   	     35.00
2022-08-27,11:46:37	    2020  	    5265   	      4766   	   21.00   	     35.00
2022-08-27,11:46:42	    2029  	    5265   	      4881   	   21.00   	     35.00
2022-08-27,11:46:48	    2022  	    5270   	      4879   	   21.00   	     35.00
2022-08-27,11:46:53	    2026  	    5277   	      4602   	   21.00   	     35.00
2022-08-27,11:46:59	    2025  	    5268   	      5038   	   21.00   	     35.00
2022-08-27,11:47:05	    2026  	    5280   	      4635   	   21.00   	     35.00
2022-08-27,11:47:10	    2038  	    5264   	      4966   	   21.00   	     35.00
2022-08-27,11:47:16	    2037  	    5247   	      4774   	   21.00   	     35.00
2022-08-27,11:47:21	    2032  	    5232   	      4977   	   21.00   	     35.00
2022-08-27,11:47:29	    2034  	    5244   	      4837   	   21.00   	     35.00
2022-08-27,11:47:35	    2024  	    5213   	      5046   	   21.00   	     35.00
2022-08-27,11:47:41	    2033  	    5224   	      4818   	   21.00   	     35.00
2022-08-27,11:47:47	    2032  	    5225   	      5051   	   21.00   	     35.00
2022-08-27,11:47:52	    2029  	    5215   	      5005   	   21.00   	     35.00
2022-08-27,11:47:58	    2034  	    5234   	      4874   	   21.00   	     35.00
2022-08-27,11:48:04	    2026  	    5220   	      4714   	   21.00   	     35.00
2022-08-27,11:48:09	    2033  	    5228   	      4680   	   21.00   	     35.00
2022-08-27,11:48:15	    2035  	    5225   	      4601   	   21.00   	     35.00
2022-08-27,11:48:20	    2026  	    5225   	      5058   	   21.00   	     35.00
2022-08-27,11:48:26	    2031  	    5232   	      4830   	   21.00   	     35.00
2022-08-27,11:48:31	    2036  	    5267   	      4753   	   21.00   	     35.00
2022-08-27,11:48:37	    2021  	    5269   	      4616   	   21.00   	     35.00
2022-08-27,11:48:45	    2024  	    5274   	      5048   	   21.00   	     35.00
2022-08-27,11:48:51	    2027  	    5290   	      5014   	   21.00   	     35.00
2022-08-27,11:48:56	    2022  	    5287   	      4676   	   21.00   	     35.00
2022-08-27,11:49:02	    2028  	    5308   	      4638   	   21.00   	     35.00
2022-08-27,11:49:08	    2029  	    5290   	      4913   	   21.00   	     35.00
2022-08-27,11:49:14	    2028  	    5285   	      4625   	   21.00   	     35.00
2022-08-27,11:49:20	    2030  	    5297   	      4963   	   21.00   	     35.00
2022-08-27,11:49:25	    2026  	    5293   	      4938   	   21.00   	     35.00
2022-08-27,11:49:31	    2028  	    5313   	      5018   	   21.00   	     35.00
2022-08-27,11:49:36	    2025  	    5301   	      5039   	   21.00   	     35.00
2022-08-27,11:49:42	    2017  	    5286   	      4603   	   21.00   	     35.00
2022-08-27,11:49:47	    2018  	    5286   	      4600   	   21.00   	     35.00
2022-08-27,11:49:53	    2018  	    5278   	      4598   	   21.00   	     35.00
2022-08-27,11:49:59	    2028  	    5285   	      5033   	   21.00   	     35.00
2022-08-27,11:50:04	    2027  	    5291   	      4957   	   21.00   	     35.00
2022-08-27,11:50:10	    2030  	    5285   	      4600   	   21.00   	     35.00
2022-08-27,11:50:16	    2027  	    5303   	      4630   	   21.00   	     35.00
2022-08-27,11:50:22	    2027  	    5285   	      4662   	   21.00   	     35.00
2022-08-27,11:50:27	    2026  	    5294   	      5057   	   21.00   	     34.00
2022-08-27,11:50:33	    2027  	    5317   	      4899   	   21.00   	     34.00
2022-08-27,11:50:39	    2031  	    5321   	      4797   	   21.00   	     34.00
2022-08-27,11:50:44	    2029  	    5315   	      5054   	   21.00   	     34.00
2022-08-27,11:50:50	    2036  	    5360   	      4921   	   21.00   	     34.00
2022-08-27,11:50:55	    2032  	    5358   	      4834   	   21.00   	     34.00
2022-08-27,11:51:03	    2022  	    5372   	      4602   	   21.00   	     34.00
2022-08-27,11:51:09	    2029  	    5386   	      5039   	   22.00   	     34.00
2022-08-27,11:51:15	    2027  	    5410   	      5062   	   21.00   	     34.00
2022-08-27,11:51:20	    2020  	    5334   	      5036   	   22.00   	     34.00
2022-08-27,11:51:28	    2027  	    5405   	      4605   	   21.00   	     34.00
2022-08-27,11:51:34	    2018  	    5351   	      4631   	   21.00   	     34.00
2022-08-27,11:51:39	    2015  	    5344   	      4638   	   21.00   	     34.00
2022-08-27,11:51:45	    2020  	    5362   	      5004   	   22.00   	     34.00
2022-08-27,11:51:51	    2021  	    5377   	      4653   	   22.00   	     34.00
2022-08-27,11:51:56	    2020  	    5382   	      4658   	   22.00   	     34.00
2022-08-27,11:52:02	    2025  	    5427   	      5037   	   22.00   	     35.00
2022-08-27,11:52:07	    2027  	    5443   	      4650   	   22.00   	     35.00
2022-08-27,11:52:13	    2034  	    5397   	      4952   	   22.00   	     35.00
2022-08-27,11:52:19	    2030  	    5415   	      4773   	   22.00   	     35.00
2022-08-27,11:52:24	    2037  	    5442   	      4602   	   22.00   	     34.00
2022-08-27,11:52:30	    2037  	    5460   	      5002   	   22.00   	     34.00
2022-08-27,11:52:35	    2030  	    5433   	      5048   	   22.00   	     34.00
2022-08-27,11:52:41	    2032  	    5423   	      4699   	   22.00   	     34.00
2022-08-27,11:52:46	    2034  	    5371   	      4952   	   22.00   	     34.00
2022-08-27,11:52:55	    2032  	    5383   	      4942   	   22.00   	     34.00
2022-08-27,11:53:00	    2031  	    5404   	      5012   	   22.00   	     34.00
2022-08-27,11:53:06	    2039  	    5425   	      5031   	   22.00   	     34.00
2022-08-27,11:53:11	    2035  	    5405   	      5019   	   22.00   	     35.00
2022-08-27,11:53:17	    2034  	    5387   	      5024   	   22.00   	     34.00
2022-08-27,11:53:22	    2037  	    5402   	      4955   	   22.00   	     34.00
2022-08-27,11:53:28	    2031  	    5388   	      4657   	   22.00   	     34.00
2022-08-27,11:53:34	    2021  	    5406   	      4962   	   22.00   	     34.00
2022-08-27,11:53:39	    2031  	    5354   	      4865   	   22.00   	     34.00
2022-08-27,11:53:45	    2033  	    5420   	      4907   	   22.00   	     34.00
2022-08-27,11:53:50	    2028  	    5396   	      4995   	   22.00   	     34.00
2022-08-27,11:53:56	    2028  	    5404   	      5011   	   22.00   	     34.00
2022-08-27,11:54:01	    2032  	    5421   	      4882   	   22.00   	     34.00
2022-08-27,11:54:07	    2032  	    5441   	      4624   	   22.00   	     34.00
2022-08-27,11:54:13	    2027  	    5449   	      4949   	   22.00   	     34.00
2022-08-27,11:54:18	    2029  	    5434   	      4598   	   22.00   	     34.00
2022-08-27,11:54:24	    2035  	    5460   	      4713   	   22.00   	     34.00
2022-08-27,11:54:29	    2023  	    5449   	      4601   	   22.00   	     34.00
2022-08-27,11:54:36	    2026  	    5455   	      4973   	   22.00   	     34.00
2022-08-27,11:54:41	    2033  	    5417   	      4627   	   22.00   	     34.00
2022-08-27,11:54:47	    2035  	    5409   	      4941   	   22.00   	     34.00
2022-08-27,11:54:52	    2026  	    5374   	      5029   	   22.00   	     34.00
2022-08-27,11:54:58	    2029  	    5397   	      5049   	   22.00   	     34.00
2022-08-27,11:55:04	    2023  	    5392   	      5026   	   22.00   	     34.00
2022-08-27,11:55:09	    2029  	    5377   	      4967   	   22.00   	     34.00
2022-08-27,11:55:15	    2023  	    5399   	      4977   	   22.00   	     34.00
2022-08-27,11:55:21	    2031  	    5424   	      4950   	   22.00   	     34.00
2022-08-27,11:55:27	    2029  	    5462   	      4694   	   22.00   	     34.00
2022-08-27,11:55:35	    2021  	    5471   	      4997   	   22.00   	     34.00
2022-08-27,11:55:41	    2033  	    5498   	      4724   	   22.00   	     34.00
2022-08-27,11:55:49	    2029  	    5467   	      5002   	   22.00   	     34.00
2022-08-27,11:55:54	    2030  	    5490   	      4842   	   22.00   	     34.00
2022-08-27,11:56:02	    2033  	    5476   	      4694   	   22.00   	     34.00
2022-08-27,11:56:07	    2038  	    5479   	      5043   	   22.00   	     34.00
2022-08-27,11:56:13	    2035  	    5477   	      4609   	   22.00   	     34.00
2022-08-27,11:56:19	    2038  	    5478   	      5048   	   22.00   	     34.00
2022-08-27,11:56:24	    2040  	    5493   	      4643   	   22.00   	     34.00
2022-08-27,11:56:30	    2038  	    5464   	      4669   	   22.00   	     34.00
2022-08-27,11:56:35	    2028  	    5462   	      4805   	   22.00   	     34.00
2022-08-27,11:56:41	    2033  	    5483   	      4736   	   22.00   	     34.00
2022-08-27,11:56:47	    2034  	    5462   	      5023   	   22.00   	     34.00
2022-08-27,11:56:53	    2042  	    5466   	      5049   	   22.00   	     34.00
2022-08-27,11:56:58	    2042  	    5467   	      4859   	   22.00   	     34.00
2022-08-27,11:57:04	    2040  	    5442   	      4612   	   22.00   	     34.00
2022-08-27,11:57:09	    2036  	    5439   	      4674   	   22.00   	     34.00
2022-08-27,11:57:15	    2031  	    5458   	      4649   	   22.00   	     34.00
2022-08-27,11:57:21	    2043  	    5463   	      5018   	   22.00   	     34.00
2022-08-27,11:57:27	    2038  	    5441   	      4606   	   22.00   	     34.00
2022-08-27,11:57:35	    2033  	    5439   	      4629   	   22.00   	     34.00
2022-08-27,11:57:40	    2041  	    5451   	      4984   	   22.00   	     34.00
2022-08-27,11:57:46	    2041  	    5423   	      5007   	   22.00   	     34.00
2022-08-27,11:57:52	    2032  	    5433   	      4661   	   22.00   	     34.00
2022-08-27,11:58:00	    2040  	    5453   	      5022   	   22.00   	     34.00
2022-08-27,11:58:05	    2044  	    5436   	      4600   	   22.00   	     34.00
2022-08-27,11:58:11	    2037  	    5424   	      4771   	   22.00   	     34.00
2022-08-27,11:58:16	    2025  	    5398   	      4905   	   22.00   	     34.00
2022-08-27,11:58:23	    2034  	    5442   	      5014   	   22.00   	     34.00
2022-08-27,11:58:29	    2034  	    5433   	      4998   	   22.00   	     34.00
2022-08-27,11:58:34	    2033  	    5441   	      4599   	   22.00   	     33.00
2022-08-27,11:58:40	    2036  	    5429   	      4967   	   22.00   	     33.00
2022-08-27,11:58:46	    2041  	    5424   	      4606   	   22.00   	     34.00
2022-08-27,11:58:51	    2043  	    5443   	      4612   	   22.00   	     34.00
2022-08-27,11:58:57	    2035  	    5441   	      4981   	   22.00   	     34.00
2022-08-27,11:59:02	    2035  	    5427   	      4601   	   22.00   	     34.00
2022-08-27,11:59:08	    2040  	    5411   	      5024   	   22.00   	     34.00
2022-08-27,11:59:13	    2036  	    5331   	      4607   	   22.00   	     34.00
2022-08-27,11:59:19	    2033  	    5375   	      4635   	   22.00   	     34.00
2022-08-27,11:59:25	    2043  	    5384   	      4599   	   22.00   	     34.00
2022-08-27,11:59:30	    2042  	    5390   	      5045   	   22.00   	     34.00
2022-08-27,11:59:36	    2036  	    5340   	      4615   	   22.00   	     34.00
2022-08-27,11:59:41	    2034  	    5323   	      4699   	   22.00   	     34.00
2022-08-27,11:59:47	    2037  	    5327   	      4683   	   22.00   	     34.00
2022-08-27,11:59:52	    2036  	    5333   	      5042   	   22.00   	     34.00
2022-08-27,11:59:58	    2034  	    5340   	      4631   	   22.00   	     34.00
2022-08-27,12:00:04	    2039  	    5344   	      4620   	   22.00   	     34.00
2022-08-27,12:00:12	    2041  	    5328   	      5035   	   22.00   	     34.00
2022-08-27,12:00:17	    2037  	    5319   	      4678   	   22.00   	     34.00
2022-08-27,12:00:23	    2037  	    5310   	      4981   	   22.00   	     34.00
2022-08-27,12:00:29	    2041  	    5318   	      4690   	   22.00   	     33.00
2022-08-27,12:00:34	    2034  	    5311   	      4967   	   22.00   	     33.00
2022-08-27,12:00:40	    2027  	    5302   	      4810   	   22.00   	     34.00
2022-08-27,12:00:45	    2040  	    5309   	      4681   	   22.00   	     34.00
2022-08-27,12:00:51	    2040  	    5311   	      4999   	   22.00   	     33.00
2022-08-27,12:00:56	    2036  	    5307   	      4887   	   22.00   	     34.00
2022-08-27,12:01:02	    2031  	    5307   	      4940   	   22.00   	     34.00
2022-08-27,12:01:08	    2037  	    5314   	      4661   	   22.00   	     33.00
2022-08-27,12:01:13	    2032  	    5301   	      4623   	   22.00   	     33.00
2022-08-27,12:01:19	    2031  	    5310   	      4660   	   22.00   	     33.00
2022-08-27,12:01:24	    2019  	    5279   	      4962   	   22.00   	     33.00
2022-08-27,12:01:30	    2021  	    5280   	      5012   	   22.00   	     33.00
2022-08-27,12:01:35	    2023  	    5307   	      4633   	   22.00   	     33.00
2022-08-27,12:01:41	    2033  	    5319   	      4952   	   22.00   	     33.00
2022-08-27,12:01:52	    2030  	    5306   	      4694   	   22.00   	     33.00
2022-08-27,12:01:57	    2035  	    5315   	      4597   	   22.00   	     33.00
2022-08-27,12:02:03	    2035  	    5313   	      4658   	   22.00   	     33.00
2022-08-27,12:02:08	    2037  	    5309   	      5070   	   22.00   	     33.00
2022-08-27,12:02:14	    2019  	    5260   	      5030   	   22.00   	     33.00
2022-08-27,12:02:20	    2001  	    5256   	      4570   	   22.00   	     33.00
2022-08-27,12:19:04	    3769  	    5126   	      5709   	   21.00   	     35.00
2022-08-27,12:19:12	    3788  	    5130   	      5340   	   21.00   	     35.00
2022-08-27,12:19:18	    3785  	    5134   	      4620   	   21.00   	     35.00
2022-08-27,12:19:26	    3757  	    5091   	      6156   	   21.00   	     35.00
2022-08-27,12:19:31	    3762  	    5106   	      3935   	   21.00   	     35.00
2022-08-27,12:19:37	    3786  	    5124   	      6042   	   21.00   	     35.00
2022-08-27,12:19:45	    3798  	    5111   	      5810   	   21.00   	     35.00
2022-08-27,12:19:50	    3803  	    5123   	      3665   	   21.00   	     35.00
                                                                                                                                                                                                                                                2022-08-27,13:34:24	    3750  	    4947   	      5604   	   24.00   	     45.00
2022-08-27,13:34:30	    3773  	    4972   	      4647   	   24.00   	     45.00
2022-08-27,13:34:36	    3769  	    4973   	      5107   	   24.00   	     45.00
2022-08-27,13:34:41	    3741  	    4940   	      3826   	   24.00   	     45.00
2022-08-27,13:34:47	    3750  	    4954   	      4505   	   24.00   	     45.00
2022-08-27,13:34:52	    3761  	    4959   	      4644   	   24.00   	     45.00
2022-08-27,13:34:58	    3751  	    4941   	      4283   	   24.00   	     45.00
2022-08-27,13:35:03	    3752  	    4947   	      4068   	   24.00   	     45.00
2022-08-27,13:35:09	    3750  	    4938   	      3585   	   24.00   	     45.00
2022-08-27,13:35:15	    3754  	    4933   	      6260   	   24.00   	     45.00
2022-08-27,13:35:20	    3746  	    4944   	      4036   	   24.00   	     45.00
2022-08-27,13:35:26	    3757  	    4941   	      4608   	   24.00   	     45.00
2022-08-27,13:35:31	    3752  	    4938   	      3905   	   24.00   	     45.00
2022-08-27,13:42:06	    3674  	    4809   	      4085   	   23.00   	     43.00
2022-08-27,13:42:12	    3669  	    4812   	      5771   	   23.00   	     43.00
2022-08-27,13:42:17	    3664  	    4812   	      3630   	   23.00   	     42.00
2022-08-27,13:42:29	    3668  	    4790   	      4681   	   23.00   	     43.00
2022-08-27,13:42:34	    3699  	    4828   	      5593   	   23.00   	     43.00
2022-08-27,13:43:17	    3787  	    4942   	      3759   	   23.00   	     43.00
2022-08-27,13:43:23	    3806  	    4956   	      3896   	   23.00   	     43.00
2022-08-27,13:43:48	    3760  	    4916   	      3375   	   23.00   	     42.00
2022-08-27,13:43:53	    3771  	    4915   	      4321   	   23.00   	     42.00
2022-08-27,13:43:59	    3767  	    4915   	      4854   	   23.00   	     42.00
2022-08-27,13:44:05	    3776  	    4920   	      4963   	   23.00   	     42.00
2022-08-27,13:44:10	    3773  	    4913   	      4352   	   23.00   	     42.00
2022-08-27,13:44:16	    3770  	    4918   	      5488   	   23.00   	     42.00
2022-08-27,13:44:21	    3762  	    4928   	      3817   	   23.00   	     43.00
2022-08-27,13:44:27	    3757  	    4897   	      5620   	   23.00   	     42.00
2022-08-27,13:44:32	    3756  	    4911   	      3543   	   23.00   	     42.00
2022-08-27,13:46:39	    3723  	    4888   	      3454   	   23.00   	     43.00
2022-08-27,13:46:45	    3752  	    4883   	      4411   	   23.00   	     43.00
2022-08-27,13:46:50	    3735  	    4884   	      3330   	   23.00   	     43.00
2022-08-27,13:46:58	    3731  	    4856   	      3708   	   23.00   	     43.00
2022-08-27,13:47:04	    3716  	    4845   	      3783   	   23.00   	     43.00
2022-08-27,13:47:09	    3746  	    4848   	      5301   	   23.00   	     43.00
2022-08-27,13:47:15	    3753  	    4901   	      5979   	   23.00   	     43.00
2022-08-27,13:47:21	    3766  	    4890   	      3415   	   23.00   	     42.00
2022-08-27,13:47:26	    3758  	    4909   	      5428   	   23.00   	     42.00
2022-08-27,13:47:32	    3753  	    4875   	      3331   	   23.00   	     42.00
2022-08-27,13:47:37	    3738  	    4874   	      5589   	   23.00   	     42.00
2022-08-27,13:47:43	    3732  	    4840   	      6161   	   23.00   	     42.00
2022-08-27,13:47:48	    3734  	    4856   	      4359   	   23.00   	     42.00
2022-08-27,13:47:54	    3751  	    4860   	      3857   	   23.00   	     42.00
2022-08-27,13:48:00	    3749  	    4863   	      3329   	   23.00   	     42.00
2022-08-27,13:48:05	    3746  	    4889   	      6274   	   23.00   	     42.00
2022-12-20,08:43:14	   11916  	    7406   	      5194   	   28.00   	     73.00
2022-12-20,08:43:19	   11955  	    7426   	      5225   	   28.00   	     73.00
2022-12-20,08:43:25	   11966  	    7511   	      5250   	   28.00   	     73.00
2022-12-20,08:43:33	   11968  	    7574   	      5261   	   28.00   	     73.00
2022-12-20,08:43:39	   11972  	    7613   	      5291   	   28.00   	     73.00
2022-12-20,08:43:44	   11976  	    7676   	      5398   	   28.00   	     73.00
2022-12-20,08:43:50	   12023  	    7783   	      5619   	   28.00   	     73.00
